[gd_scene load_steps=8 format=2]

[ext_resource path="res://Map/map.gd" type="Script" id=1]
[ext_resource path="res://Models/Trees/Trees.tscn" type="PackedScene" id=2]
[ext_resource path="res://Map/map_environment.tres" type="Environment" id=3]
[ext_resource path="res://fonts/ubuntu_b_32.tres" type="Theme" id=5]

[sub_resource type="PlaneMesh" id=3]
size = Vector2( 500, 500 )

[sub_resource type="SpatialMaterial" id=4]
albedo_color = Color( 0.105882, 0.454902, 0, 1 )

[sub_resource type="CapsuleMesh" id=5]

[node name="map" type="Spatial"]
script = ExtResource( 1 )
__meta__ = {
"_edit_group_": true,
"_edit_lock_": true
}

[node name="grass" type="Spatial" parent="."]
transform = Transform( 1, 0, 0, 0, 1, 0, 0, 0, 1, 0, -0.121388, 0 )

[node name="MeshInstance" type="MeshInstance" parent="grass"]
mesh = SubResource( 3 )
material/0 = SubResource( 4 )

[node name="character" type="Spatial" parent="."]

[node name="MeshInstance" type="MeshInstance" parent="character"]
transform = Transform( 1, 0, 0, 0, -4.37114e-08, 1, 0, -1, -4.37114e-08, 0, 1.04686, 0 )
mesh = SubResource( 5 )
material/0 = null

[node name="Camera" type="Camera" parent="character"]
transform = Transform( -1, -6.18172e-08, 6.18172e-08, 0, 0.707106, 0.707106, -8.74228e-08, 0.707106, -0.707106, 0, 29.183, -24.838 )
environment = ExtResource( 3 )
fov = 53.1
far = 406.3

[node name="DirectionalLight" type="DirectionalLight" parent="."]
transform = Transform( -0.804469, 0.489579, -0.336365, 0, 0.566277, 0.824215, 0.593995, 0.663055, -0.455552, 0, 0, 0 )
light_energy = 1.348
shadow_enabled = true

[node name="map_gui" type="Control" parent="."]
anchor_right = 1.0
anchor_bottom = 1.0
mouse_filter = 2
__meta__ = {
"_edit_use_anchors_": false
}

[node name="main_menu_button" type="Button" parent="map_gui"]
margin_left = 6.0
margin_top = 7.0
margin_right = 127.0
margin_bottom = 27.0
theme = ExtResource( 5 )
text = "Главное меню"
__meta__ = {
"_edit_use_anchors_": false
}

[node name="explore_location_button" type="Button" parent="map_gui"]
anchor_left = 0.5
anchor_top = 0.75
anchor_right = 0.5
anchor_bottom = 0.75
margin_left = -110.0
margin_top = -21.0
margin_right = 110.0
margin_bottom = 22.0
theme = ExtResource( 5 )
text = "Исследовать"
__meta__ = {
"_edit_use_anchors_": false
}

[node name="Forest" type="Spatial" parent="."]

[node name="Trees2" parent="Forest" instance=ExtResource( 2 )]
transform = Transform( 0.268113, 0, -0.963387, 0, 1, 0, 0.963387, 0, 0.268113, -5.86927, 0, 81.9296 )

[node name="Trees8" parent="Forest" instance=ExtResource( 2 )]
transform = Transform( 0.0288986, 0, -0.999582, 0, 1, 0, 0.999582, 0, 0.0288986, 59.7017, 0, 99.6709 )

[node name="Trees3" parent="Forest" instance=ExtResource( 2 )]
transform = Transform( -0.433596, 0, -0.901107, 0, 1, 0, 0.901107, 0, -0.433596, 61.1132, 0, 46.4412 )

[node name="Trees4" parent="Forest" instance=ExtResource( 2 )]
transform = Transform( -0.866984, 0, -0.498336, 0, 1, 0, 0.498336, 0, -0.866984, -65.3259, -7.62939e-06, 49.4725 )

[node name="Trees7" parent="Forest" instance=ExtResource( 2 )]
transform = Transform( 0.985715, 0, 0.168421, 0, 1, 0, -0.168421, 0, 0.985715, 1.32952, 0, -53.9176 )

[node name="Trees5" parent="Forest" instance=ExtResource( 2 )]
transform = Transform( -0.866984, 0, -0.498336, 0, 1, 0, 0.498336, 0, -0.866984, -47.8095, -7.62939e-06, -18.4064 )

[node name="Trees6" parent="Forest" instance=ExtResource( 2 )]
transform = Transform( -0.866984, 0, -0.498336, 0, 1, 0, 0.498336, 0, -0.866984, 48.0167, -7.62939e-06, -22.5426 )

[connection signal="pressed" from="map_gui/main_menu_button" to="." method="_on_main_menu_button_pressed"]
